g++ gr.cpp -O2 -o gr
processing ca-dblp-2012.mtx
initializing..
first step--->: init reduce
Total Vertex: 317080
Delete Vertex: 191524
Fixed Vertex: 32442
Uncover Vertex: 59890
Remain Vertex:93114
Forbid Add: 0
Percent: 29.37%
second step--->: superset reduce
317
third step--->:subset reduce
set_a:
22884 22884 7208 22885 22886 22887 22888 25689 26066
set_b:
7208 25689 22888 22884
set_a:
22884 22884 7208 22885 22886 22887 22888 25689 26066
set_b:
22886 22886 22884 22885 26066
set_a:
22884 22884 7208 22885 22886 22887 22888 25689 26066
set_b:
22888 22888 22884 25689
set_a:
22884 22884 7208 22885 22886 22887 22888 25689 26066
set_b:
25689 25689 22884 22888
set_a:
22884 22884 7208 22885 22886 22887 22888 25689 26066
set_b:
26066 26066 22884 22885 22886
set_a:
22885 22885 22884 38684 38685 38686 38687 39916
set_b:
22884 22884 22885
set_a:
22885 22885 22884 38684 38685 38686 38687 39916
set_b:
38684 38684 22885 38685 38686 38687
set_a:
22885 22885 22884 38684 38685 38686 38687 39916
set_b:
38685 38685 22885 38684 38686 38687
set_a:
22885 22885 22884 38684 38685 38686 38687 39916
set_b:
38687 38687 22885 38684 38685 38686
set_a:
22885 22885 22884 38684 38685 38686 38687 39916
set_b:
39916 22885 38684 38685 38686 38687
set_a:
38686 38686 22885 22887 34584 85569 85570
set_b:
22885 22885 38686
set_a:
38686 38686 22885 22887 34584 85569 85570
set_b:
22887 38686 85569
set_a:
38686 38686 22885 22887 34584 85569 85570
set_b:
34584 38686 85569
set_a:
38686 38686 22885 22887 34584 85569 85570
set_b:
85569 85569 38686
set_a:
38686 38686 22885 22887 34584 85569 85570
set_b:
85570 38686 85569
set_a:
44477 44477 44474 44475 44476 61989 61990
set_b:
61989 61989 44477 61990
set_a:
44477 44477 44474 44475 44476 61989 61990
set_b:
61990 61990 44477 61989
set_a:
44476 44477 57316 61989 61990 69602 69603 142391
set_b:
44475 44477 142391
set_a:
56825 56825 5298 22824 31102 56824 69456 102812 103266 111241 186908 188972 264103
set_b:
69456 56825
set_a:
56825 56825 5298 22824 31102 56824 69456 102812 103266 111241 186908 188972 264103
set_b:
102812 56825
set_a:
56825 56825 5298 22824 31102 56824 69456 102812 103266 111241 186908 188972 264103
set_b:
103266 56825
set_a:
56825 56825 5298 22824 31102 56824 69456 102812 103266 111241 186908 188972 264103
set_b:
111241 111241 56825
set_a:
56825 56825 5298 22824 31102 56824 69456 102812 103266 111241 186908 188972 264103
set_b:
186908 186908 56825
set_a:
56825 56825 5298 22824 31102 56824 69456 102812 103266 111241 186908 188972 264103
set_b:
264103 264103 56825
set_a:
57316 57316 44474 44476 64008
set_b:
64008 57316
set_a:
60168 60168 22824 31102 48909
set_b:
48909 60168
set_a:
60286 60286 16298 20433 116328 159963 178354
set_b:
16298 60286
set_a:
60286 60286 16298 20433 116328 159963 178354
set_b:
159963 60286
set_a:
116328 178355 60286 158776 178354
set_b:
178354 178354 60286 158776 178355
set_a:
72543 72543 13514 22653 58666 72544
set_b:
58666 72543 72544
set_a:
72543 72543 13514 22653 58666 72544
set_b:
72544 72544 72543
set_a:
79787 79787 79785 79789 79795 79797
set_b:
79797 79787
set_a:
79789 79787 79791 225524 132817 183597
set_b:
79785 79787 79791
set_a:
79789 79787 79791 225524 132817 183597
set_b:
79786 79791 225524
set_a:
89102 89102 13514 22653 89101 99578
set_b:
89101 89102 99578
set_a:
89102 89102 13514 22653 89101 99578
set_b:
99578 99578 89102
set_a:
89979 89979 89978 89980 157333 268926 268927 268928
set_b:
89978 89978 89979 89980
set_a:
89979 89979 31611 89980 99055 157333 268926 268927 268928
set_b:
99055 157333 89979
set_a:
89979 89979 31611 89980 99055 157333 268926 268927 268928
set_b:
157333 157333 89979
set_a:
89979 89979 31611 89980 99055 157333 268926 268927 268928
set_b:
268926 268926 89979 268927 268928
set_a:
89979 89979 31611 89980 99055 157333 268926 268927 268928
set_b:
268927 268927 89979 268926 268928
set_a:
31611 308553 89979 89980 304559 157333 219409 304558
set_b:
89980 89980 89979 219409
set_a:
90922 90922 90921 90923 117132 117445 193846 193847 193848 193849 193850 217597
set_b:
90921 90921 90922 90923 117132 117445
set_a:
90922 90922 90921 90923 117132 117445 193846 193847 193848 193849 193850 217597
set_b:
117132 117132 90921 90922 90923 117445
set_a:
90922 90922 90921 90923 117132 117445 193846 193847 193848 193849 193850 217597
set_b:
117445 117445 90921 90922 90923 117132
set_a:
193846 193846 90922 90923 193847 193848 193849 193850 217597 244630
set_b:
90922 90922 90923 193846 193847 193848 193849 193850 217597
set_a:
193846 193846 90922 90923 193847 193848 193849 193850 217597 244630
set_b:
90923 90923 90922 193846 244630
set_a:
193846 193846 90922 90923 193847 193848 193849 193850 217597 244630
set_b:
193847 193847 90922 193846 193848 193849 193850 217597
set_a:
193846 193846 90922 90923 193847 193848 193849 193850 217597 244630
set_b:
193848 193848 90922 193846 193847 193849 193850 217597
set_a:
193846 193846 90922 90923 193847 193848 193849 193850 217597 244630
set_b:
193849 193849 90922 193846 193847 193848 193850
set_a:
193846 193846 90922 90923 193847 193848 193849 193850 217597 244630
set_b:
193850 193850 90922 193846 193847 193848 193849 217597
set_a:
193846 193846 90922 90923 193847 193848 193849 193850 217597 244630
set_b:
217597 217597 90922 193846 193847 193848 193850
set_a:
71896 198117 97407
set_b:
71897 198117 97407
set_a:
117393 117393 87533 117394 117395 117396 117397 126835 138312
set_b:
87533 117393 117395 117397 126835
set_a:
117393 117393 87533 117394 117395 117396 117397 126835 138312
set_b:
117394 117394 117393 117395 117396 117397 126835
set_a:
117393 117393 87533 117394 117395 117396 117397 126835 138312
set_b:
117395 117395 117393 117394 117396 117397 126835
set_a:
117393 117393 87533 117394 117395 117396 117397 126835 138312
set_b:
117396 117396 117393 117394 117395 117397 126835
set_a:
117397 117397 117393 120202 126835 136499 138312 150324 150325 150326 150327 150328 150329 150330
set_b:
117393 117393 117397 126835
set_a:
117397 117397 117393 120202 126835 136499 138312 150324 150325 150326 150327 150328 150329 150330
set_b:
120202 150330 150329 117397 150328 150324 150325 150326 150327
set_a:
117397 117397 117393 120202 126835 136499 138312 150324 150325 150326 150327 150328 150329 150330
set_b:
150324 150324 117397 150325 150326 150327 150328 150329 150330
set_a:
117397 117397 117393 120202 126835 136499 138312 150324 150325 150326 150327 150328 150329 150330
set_b:
150325 150325 117397 150324 150326 150327 150328 150329 150330
set_a:
117397 117397 117393 120202 126835 136499 138312 150324 150325 150326 150327 150328 150329 150330
set_b:
150326 150326 117397 150324 150325 150327 150328 150329 150330
set_a:
117397 117397 117393 120202 126835 136499 138312 150324 150325 150326 150327 150328 150329 150330
set_b:
150328 150328 117397 150324 150325 150326 150327 150329 150330
set_a:
117397 117397 117393 120202 126835 136499 138312 150324 150325 150326 150327 150328 150329 150330
set_b:
150329 150329 117397 150324 150325 150326 150327 150328 150330
set_a:
117397 117397 117393 120202 126835 136499 138312 150324 150325 150326 150327 150328 150329 150330
set_b:
150330 150330 117397 150324 150325 150326 150327 150328 150329
set_a:
138312 262215 259149 237363 237362 237361 237360 117393 117397 126835 150327 160872
set_b:
126835 126835 117393 117397 150327 160872
set_a:
61198 226217 117580 135683 226216 153625
set_b:
38820 135683 117580
set_a:
124544 124544 103774 190864 190865 190866 190867 190868 218366 218367 240312 240357 240358
set_b:
103774 218366 124544 190864 190865 190866 190867
set_a:
124544 124544 103774 190864 190865 190866 190867 190868 218366 218367 240312 240357 240358
set_b:
190864 190864 124544 190865 190866 190867
set_a:
124544 124544 103774 190864 190865 190866 190867 190868 218366 218367 240312 240357 240358
set_b:
190865 190865 124544 190864 190866 190867 218366 240357 240358
set_a:
124544 124544 103774 190864 190865 190866 190867 190868 218366 218367 240312 240357 240358
set_b:
190866 190866 124544 190864 190865 190867 218366
set_a:
124544 124544 103774 190864 190865 190866 190867 190868 218366 218367 240312 240357 240358
set_b:
190867 190867 124544 190864 190865 190866
set_a:
124544 124544 103774 190864 190865 190866 190867 190868 218366 218367 240312 240357 240358
set_b:
218366 218366 124544 190865 190866 240357 240358
set_a:
124544 124544 103774 190864 190865 190866 190867 190868 218366 218367 240312 240357 240358
set_b:
240312 240312 124544
set_a:
124544 124544 103774 190864 190865 190866 190867 190868 218366 218367 240312 240357 240358
set_b:
240357 240357 124544 190865 218366 240358
set_a:
124544 124544 103774 190864 190865 190866 190867 190868 218366 218367 240312 240357 240358
set_b:
240358 240358 124544 190865 218366 240357
set_a:
132424 132424 5779 65678 140809 140856
set_b:
140809 140809 132424 140856
set_a:
132424 132424 5779 65678 140809 140856
set_b:
140856 140856 132424 140809
set_a:
132817 132817 79789 79795 79796 132818 142113 169935 169936 169937 169938 169939
set_b:
132818 132818 132817 142113
set_a:
132817 132817 79789 79795 79796 132818 142113 169935 169936 169937 169938 169939
set_b:
142113 142113 132817 132818
set_a:
132817 132817 79789 79795 79796 132818 142113 169935 169936 169937 169938 169939
set_b:
169935 169935 132817 169937 169938
set_a:
132817 132817 79789 79795 79796 132818 142113 169935 169936 169937 169938 169939
set_b:
169936 132817 169935 169937 169938
set_a:
132817 132817 79789 79795 79796 132818 142113 169935 169936 169937 169938 169939
set_b:
169937 169937 132817 169935 169938
set_a:
132817 132817 79789 79795 79796 132818 142113 169935 169936 169937 169938 169939
set_b:
169938 169938 132817 169935 169937
set_a:
132817 132817 79789 79795 79796 132818 142113 169935 169936 169937 169938 169939
set_b:
169939 132817 169935 169937 169938
set_a:
136819 136819 20433 26785 49038 52569 70317 139953
set_b:
26785 136819 139953
set_a:
136819 136819 20433 26785 49038 52569 70317 139953
set_b:
49038 136819 139953
set_a:
136819 136819 20433 26785 49038 52569 70317 139953
set_b:
52569 139953 136819
set_a:
136819 136819 20433 26785 49038 52569 70317 139953
set_b:
139953 139953 136819
set_a:
150327 150327 15331 117397 135984 136499 138312 138313 160872
set_b:
15331 160872 150327
set_a:
150327 150327 15331 117397 135984 136499 138312 138313 160872
set_b:
117397 117397 150327
set_a:
150327 150327 15331 117397 135984 136499 138312 138313 160872
set_b:
135984 160872 150327
set_a:
150327 150327 15331 117397 135984 136499 138312 138313 160872
set_b:
138313 160872 150327
set_a:
150327 150327 15331 117397 135984 136499 138312 138313 160872
set_b:
160872 160872 150327
set_a:
138312 262215 259149 237363 237362 237361 237360 117397 150327 160872
set_b:
136499 262215 117397 259149 237363 150327 237360 237361 237362
set_a:
153625 153625 61198 117581 159935 226216 226217
set_b:
159935 159935 153625
set_a:
153625 153625 61198 117581 159935 226216 226217
set_b:
226216 226216 153625 226217
set_a:
153625 153625 61198 117581 159935 226216 226217
set_b:
226217 226217 153625 226216
set_a:
158776 158776 70317 116328 155791 178355
set_b:
155791 155791 158776
set_a:
158776 158776 70317 116328 155791 178355
set_b:
178355 178355 158776
set_a:
162415 162415 42206 65910 65911 132783 158859 187500 292702
set_b:
65910 292702 162415
set_a:
162415 162415 42206 65910 65911 132783 158859 187500 292702
set_b:
65911 292702 162415
set_a:
162415 162415 42206 65910 65911 132783 158859 187500 292702
set_b:
292702 292702 162415
set_a:
132783 292702 162415 187499 207589
set_b:
158859 187499 207589 162415
set_a:
132783 292702 162415 187499 207589
set_b:
187500 162415 187499 207589 292702
set_a:
31102 31103 56825 284847 60168 284846 280179 176168 187778 198370 210824 239222 246997 246998 246999 251657 273581
set_b:
121144 176168 187778 198370 210824 239222
set_a:
183308 183308 52693 52695 169677 210825 234752 266937 282096 293449
set_b:
210825 183308 266937 293449
set_a:
183308 183308 52693 52695 169677 210825 234752 266937 282096 293449
set_b:
266937 266937 183308 293449
set_a:
183308 183308 52693 52695 169677 210825 234752 266937 282096 293449
set_b:
282096 183308 266937 293449
set_a:
183308 183308 52693 52695 169677 210825 234752 266937 282096 293449
set_b:
293449 293449 183308 266937
set_a:
52693 183308 240776 255127
set_b:
169677 240776 183308
set_a:
79789 79787 79791 225524 132817 183597
set_b:
79796 225524 132817 183597
set_a:
187081 187081 186979 296292 310619 312902 315144 316581
set_b:
310619 310619 187081 316581
set_a:
187081 187081 186979 296292 310619 312902 315144 316581
set_b:
312902 312902 187081
set_a:
187081 187081 186979 296292 310619 312902 315144 316581
set_b:
315144 315144 187081
set_a:
187081 187081 186979 296292 310619 312902 315144 316581
set_b:
316581 316581 187081 310619
set_a:
187499 187499 61885 132783 207589
set_b:
207589 207589 187499
set_a:
187571 187571 22653 95059 189299
set_b:
189299 189299 187571
set_a:
187778 187778 22824 31102 91402 176169 210824
set_b:
91402 187778
set_a:
187778 187778 22824 31102 91402 176169 210824
set_b:
210824 210824 187778
set_a:
191878 191878 88693 116558 166121 173639 191877 191879 274209 278892 278893 289754 296668
set_b:
88693 191878
set_a:
191878 191878 88693 116558 166121 173639 191877 191879 274209 278892 278893 289754 296668
set_b:
173639 191878
set_a:
191878 191878 88693 116558 166121 173639 191877 191879 274209 278892 278893 289754 296668
set_b:
191877 191878
set_a:
191878 191878 88693 116558 166121 173639 191877 191879 274209 278892 278893 289754 296668
set_b:
191879 191878
set_a:
191878 191878 88693 116558 166121 173639 191877 191879 274209 278892 278893 289754 296668
set_b:
278892 278892 191878 274209 278893 289754
set_a:
191878 191878 88693 116558 166121 173639 191877 191879 274209 278892 278893 289754 296668
set_b:
278893 278893 191878 274209 278892 289754
set_a:
191878 191878 88693 116558 166121 173639 191877 191879 274209 278892 278893 289754 296668
set_b:
289754 289754 191878 274209 278892 278893
set_a:
191878 191878 88693 116558 166121 173639 191877 191879 274209 278892 278893 289754 296668
set_b:
296668 296668 191878
set_a:
116558 296668 274209 274208 191878
set_b:
166121 296668 274209 191878 274208
set_a:
193846 193846 83050 244630
set_b:
83050 193846 244630
set_a:
193846 193846 83050 244630
set_b:
244630 244630 193846
set_a:
195793 195793 176321 195794 195795 213115 227743 279145
set_b:
195794 195794 195793 195795
set_a:
195793 195793 176321 195794 195795 213115 227743 279145
set_b:
213115 213115 195793 195795 227743 279145
set_a:
195793 195793 176321 195794 195795 213115 227743 279145
set_b:
227743 227743 195793 195795 213115
set_a:
195793 195793 176321 195794 195795 213115 227743 279145
set_b:
279145 279145 195793 213115
set_a:
195795 195795 176321 195793 287093 287094 287095 298344
set_b:
176321 195793 195795 298344 287095 287093 287094
set_a:
195795 195795 176321 195793 287093 287094 287095 298344
set_b:
195793 195793 195795
set_a:
195795 195795 176321 195793 287093 287094 287095 298344
set_b:
287093 287093 195795 287094 298344
set_a:
195795 195795 176321 195793 287093 287094 287095 298344
set_b:
287094 287094 195795 287093 298344
set_a:
195795 195795 176321 195793 287093 287094 287095 298344
set_b:
287095 287095 195795
set_a:
195795 195795 176321 195793 287093 287094 287095 298344
set_b:
298344 298344 195795 287093 287094
set_a:
196101 196101 40462 79983 176502 203819
set_b:
79983 196101 203819
set_a:
196101 196101 40462 79983 176502 203819
set_b:
203819 203819 196101
set_a:
199036 199036 44474 81609 201326
set_b:
201326 201326 199036
set_a:
199075 199075 56839 96843 220307 283950
set_b:
220307 220307 199075
set_a:
199075 199075 56839 96843 220307 283950
set_b:
283950 283950 199075
set_a:
212558 212558 212557 222695 269699 291077 295673
set_b:
212557 212557 212558 222695
set_a:
212558 212558 189312 222034 222695 269699 291077 295673
set_b:
189312 295673 291077 212558 269699
set_a:
212558 212558 189312 222034 222695 269699 291077 295673
set_b:
291077 291077 212558 269699 295673
set_a:
222034 212558 222695 269699 269700 291077 295673 295674 295675
set_b:
222695 222695 212558 269699 269700 295673 295674 295675
set_a:
222034 212558 222695 269699 269700 291077 295673 295674 295675
set_b:
269699 269699 212558 222695 269700 291077 295673 295674 295675
set_a:
222034 212558 222695 269699 269700 291077 295673 295674 295675
set_b:
295673 295673 212558 222695 269699 269700 291077 295674 295675
set_a:
214449 214449 65678 97408 214450
set_b:
214450 214449
set_a:
220192 220192 220193 220194 220195 220196 233306
set_b:
220195 233306 220192 220193
set_a:
220192 220192 220193 220194 220195 220196 233306
set_b:
233306 233306 220192 220193
set_a:
220193 220193 220192 233306 257628
set_b:
220194 257628 220192 220193 233306
set_a:
220193 220193 89027 125559 151509 220192 220196 228186 257628
set_b:
125559 220193 257628
set_a:
220193 220193 89027 125559 151509 220192 220196 228186 257628
set_b:
151509 220193 257628
set_a:
220193 220193 89027 125559 151509 220192 220196 228186 257628
set_b:
220192 220192 220193
set_a:
220193 220193 89027 125559 151509 220192 220196 228186 257628
set_b:
228186 257628 220193
set_a:
220193 220193 89027 125559 151509 220192 220196 228186 257628
set_b:
257628 257628 220193
set_a:
231141 231141 40462 170543 176502 232119 232120
set_b:
232120 232120 231141
set_a:
40462 232475 232120 231141 196101
set_b:
170543 231141 232120 232475
set_a:
237360 237360 138312 237361 237362 237363 259149 262215
set_b:
237361 237361 237360 237362 237363 259149 262215
set_a:
237360 237360 138312 237361 237362 237363 259149 262215
set_b:
237362 237362 237360 237361 237363 259149 262215
set_a:
237360 237360 138312 237361 237362 237363 259149 262215
set_b:
237363 237363 237360 237361 237362 259149 262215
set_a:
237360 237360 138312 237361 237362 237363 259149 262215
set_b:
259149 259149 237360 237361 237362 237363 262215
set_a:
237360 237360 138312 237361 237362 237363 259149 262215
set_b:
262215 262215 237360 237361 237362 237363 259149
set_a:
238175 238175 22653 95059 238174 301962
set_b:
238174 238175
set_a:
238175 238175 22653 95059 238174 301962
set_b:
301962 301962 238175
set_a:
52693 183308 240776 255127
set_b:
234752 183308 240776
set_a:
246997 246997 22824 31102 176169 246998 246999 251657
set_b:
246998 246998 246997 246999 251657
set_a:
246997 246997 22824 31102 176169 246998 246999 251657
set_b:
246999 246999 246997 246998 251657
set_a:
246997 246997 22824 31102 176169 246998 246999 251657
set_b:
251657 251657 246997 246998 246999
set_a:
247377 247377 175348 247378 255374 255375 255376 256327 270096 270098 279213 279214 290726
set_b:
247378 247378 247377 255374 255375 255376 256327
set_a:
247377 247377 175348 247378 255374 255375 255376 256327 270096 270098 279213 279214 290726
set_b:
255374 255374 247377 247378 255375 255376 256327
set_a:
247377 247377 175348 247378 255374 255375 255376 256327 270096 270098 279213 279214 290726
set_b:
255376 255376 247377 247378 255374 255375 256327
set_a:
247377 247377 175348 247378 255374 255375 255376 256327 270096 270098 279213 279214 290726
set_b:
270098 270098 247377 255375 256327 270096 279213
set_a:
247377 247377 175348 247378 255374 255375 255376 256327 270096 270098 279213 279214 290726
set_b:
279213 279213 247377 255375 256327 270096 270098 279214 290726
set_a:
247377 247377 175348 247378 255374 255375 255376 256327 270096 270098 279213 279214 290726
set_b:
290726 290726 247377 256327 279213 279214
set_a:
252360 252360 13514 138967 147624 284705
set_b:
147624 252360
set_a:
252360 252360 13514 138967 147624 284705
set_b:
284705 284705 252360
set_a:
254996 254996 130682 236984 236985 254997
set_b:
254997 254996
set_a:
236984 254996 290517
set_b:
236985 254996 290517
set_a:
52693 183308 240776 255127
set_b:
52695 255127 183308
set_a:
255375 255375 175348 247377 256327 270096 270097 281689
set_b:
281689 281689 255375 270096 270097
set_a:
175348 247377 255375 256327 270096 270097 279214 281689 309481 311482
set_b:
247377 247377 255375 256327 270096 279214
set_a:
175348 247377 255375 256327 270096 270097 279214 281689 309481 311482
set_b:
256327 256327 247377 255375 270096 279214 309481 311482
set_a:
175348 247377 255375 256327 270096 270097 279214 281689 309481 311482
set_b:
270096 270096 247377 255375 256327 270097 279214 281689
set_a:
175348 247377 255375 256327 270096 270097 279214 281689 309481 311482
set_b:
270097 270097 255375 270096 279214 281689
set_a:
263110 263110 78176 156309 200602 214220
set_b:
200602 263110
set_a:
263110 263110 78176 156309 200602 214220
set_b:
214220 263110
set_a:
268928 268928 89979 308553
set_b:
89979 89979 268928
set_a:
269700 269700 189512 222034 295674 295675
set_b:
189512 295675 269700 295674
set_a:
269700 269700 189512 222034 295674 295675
set_b:
295674 295674 269700 295675
set_a:
269700 269700 189512 222034 295674 295675
set_b:
295675 295675 269700 295674
set_a:
22824 31103 56825 313953 60168 284847 284846 280179 273581 176168 187778 198370 246997
set_b:
280665 273581 284846 284847
set_a:
22824 31103 56825 313953 60168 284847 284846 280179 273581 176168 187778 198370 246997
set_b:
284847 284847 273581 284846
set_a:
274208 274208 116558 233037 274209
set_b:
233037 274208
set_a:
116558 274209 274208 191878
set_b:
274209 274209 191878 274208
set_a:
280179 280179 22824 31102 155962 163914 222541
set_b:
155962 280179
set_a:
280179 280179 22824 31102 155962 163914 222541
set_b:
163914 280179
set_a:
280179 280179 22824 31102 155962 163914 222541
set_b:
222541 280179
set_a:
284810 284810 56824 122069 169514 188972
set_b:
122069 284810
set_a:
284810 284810 56824 122069 169514 188972
set_b:
169514 284810
set_a:
56824 284810 56825
set_b:
188972 56825 284810
set_a:
304054 304054 89027 220196 304055 304056
set_b:
304055 304054
set_a:
304054 304054 89027 220196 304055 304056
set_b:
304056 304054
set_a:
89027 304054 220193
set_b:
220196 304054 220193
set_a:
304558 304558 28377 31611 304559 308553
set_b:
28377 308553 304559 304558
set_a:
304558 304558 28377 31611 304559 308553
set_b:
304559 304559 304558 308553
set_a:
308553 308553 31611 268928 304558
set_b:
268928 268928 308553
set_a:
308553 308553 31611 268928 304558
set_b:
304558 304558 308553
set_a:
309481 309481 175348 257872 311482
set_b:
257872 309481 311482
set_a:
309481 309481 175348 257872 311482
set_b:
311482 311482 309481
set_a:
312941 312941 162765 218367 316365
set_b:
316365 316365 312941
set_a:
313953 313953 22824 57012 176169
set_b:
57012 313953
set_a:
314108 314108 162765 190868 315217
set_b:
315217 315217 314108
set_a:
186979 187081 315145
set_b:
296292 187081 315145
Total Vertex: 317080
Delete Vertex: 270632
Fixed Vertex: 46084
Uncover Vertex: 90
Remain Vertex:145
Forbid Add: 219
Percent: 0.05%
54
Time: 0.31s
checking..
reduce[i] == score = 0
candidate: 145
22885
22887
22889
25690
26067
89979
90922
117133
117395
117397
117446
268927
268928
279146
Undominated: 14
lock: 46137
